0.6438394882996199 -0.4710826532785838 1.3445436160296078 0.5621927798114462 -1.5311154935554903 0.8293570861603958 0.2584062542501603 0.5156661844935666 0.998892981638069 -0.030816164491917333 1.8146752859399187 0.47060796845534003 0.245986562113842 0.8692545888867667 -0.13646595688997687 0.10464621990495718
-0.038007145343207 -1.346605301089361 -0.9340442310794124 -0.21881147414157076 0.44321074035263197 0.6165323631114811 0.9903709270692764 -0.1957997122554469 -1.6964500279720491 0.22133658594480926 1.7255557302578668 0.8124165985410305 1.328482373641237 -0.3049073792995023 0.7326281302287263 -0.6780910710077495
-0.2611570226017229 0.03552345261403251 0.6511356406882004 -0.5733303352123997 -0.39527457249491876 -0.5351612664219312 0.731651464339139 -0.15396347899060986 -1.2491992924759392 -0.30424718876032025 -1.135380443513081 0.9175574137298805 0.6866287586227008 -1.9698800295588401 0.3384806088051544 0.528574853204332
0.20375058557058245 2.2904624653177375 -0.01539485967993473 -1.1876409014039078 -0.06415439837794057 0.28561589270146737 -1.072726620497365 0.615839631781904 -1.9503347561230822 1.1170160946374923 -0.7122792882660609 -1.1120760800973195 -0.14236301001067075 0.2250838132593929 0.34737030745259934 -0.6991355222367257
-1.1905652739635963 -1.3153413780412395 -0.5016400700996947 0.9510675799721999 -0.1603996274928033 0.2774126061829791 1.2849864427072766 -0.9840724800945357 0.39128169259469137 2.129557064644595 0.932286427182696 -1.588123965308699 0.4895217128911018 -0.12048922718177305 0.6279449415352465 -0.6061652384825851
-0.6792196541336312 -0.7010819214535404 -0.1388557609563948 0.20569347611256086 -1.4394458031754973 -0.562746984209977 -1.5974379008272686 1.7709591847514925 1.2587702369748897 -0.9489323838019444 -0.036254061454317685 0.3209488175393544 0.7381959934708634 0.03416746935093091 -0.488779673280097 -2.0272491936704093
-1.3560518658947132 0.26495356876918624 -0.8413093413940187 -0.18411298553947025 -0.8116651008102613 -1.7309475008860549 -1.207446091987607 1.8554644502364872 0.7555296862171288 1.76741662421925 0.36001288704175205 0.0761875903731383 1.2327302552065835 -0.22875607831256897 0.11077081155472543 -0.4036661474574605
-2.92385991689549 2.5116166582591593 0.3421313546676673 0.22360074367945879 -0.048803762035462266 0.43475711217787916 -0.7213444940465044 0.3562276849416431 -1.0611651241204092 0.6186722787848911 0.2295083041707255 -0.018787689537413145 0.3826940973369991 -0.38477608631449556 -1.3860370653838712 0.37716414364283846
0.6500329980551087 -1.5061251832730898 0.39154299326629866 -0.24741805256075497 0.17750832421860224 -1.015673250994678 -1.4220567470630028 1.5624553518058693 -0.19733504577591446 -0.6602983068464395 -0.4146227704037937 0.19181121604300075 -0.16887304306030598 -0.44346502173544156 1.0749404832328662 1.47278140272332
0.4858089428416231 -0.17119747365682533 0.5881074053920491 1.5538654780340602 0.6142843468843512 1.256388144846744 -1.1853506347438423 -1.0847121149247638 -0.9245958933929951 0.7205408421772792 -1.7057466278080602 0.6044941879103582 0.7938456135351113 0.6850665868558744 0.3163275662061218 -0.8323135666515362
-0.9961162681295956 -1.743091315111633 -0.5400809533689103 -0.14139962311116558 -1.3627948652770658 1.974983202219099 -1.2996015479001042 2.342553381088781 1.428500811758992 0.5566886089358725 -0.8020533649066048 0.7065117955349349 -1.4184883241663808 0.8742132284241994 -0.543681657274057 -0.7056061909786927
-1.175511872636134 -2.148255457185409 -0.9109567217445634 1.2538102380205838 0.016424212157553332 0.5830839337233897 1.6001339229097447 2.0194116226449856 1.2808404741992456 -0.934779444368113 -2.1072394995917842 2.037531832856178 2.324371168997433 0.5904995695646912 -1.2024134613350714 0.7496145723133111
-0.07142765084000696 -0.04054171258431696 0.4258563396987427 0.1325233088385102 -0.8116093031944637 -0.19897648788989464 0.9132142137403099 0.2984584116166993 -0.15994254080630738 1.3037036984042611 -0.05918512239977726 0.49527858248878404 -2.9141331750089674 -0.03711449848122156 0.5352821009907205 -0.16094872961817436
-0.21980405508982978 -1.1291659162180736 0.8180227865805081 -0.02998528781976379 1.1892213081893503 -1.9701020696377882 -0.35832537899199796 -0.31946571932964507 -0.738661579939059 -0.8447351353709217 -1.0731733659498037 1.109751117680037 -1.7659132583855526 1.479409916044615 0.7373440586235518 0.10428364952125778
0.9446082716048242 -1.8388953768261336 -0.39639199705317885 0.09238706258646132 1.4674014058097933 0.5250710118616378 0.05717826967819983 0.3413338430461997 0.7313470278107554 2.0204363164546706 0.983676400091408 0.5709293806099807 1.1219214404558655 0.5651112928932591 0.5154904901680619 1.224302911048196
1.7308831139107548 -0.6370481112467218 -0.09615905700397728 -0.3530906149380911 -0.3161245678832571 -0.6257494594076394 0.1355462123000481 -1.1068992800812087 0.5408995364377785 -2.894634786827224 2.9913497583678543 1.5151787046249112 -0.8631263237964983 0.11547210112449752 -0.3286768093949497 -0.95485415957936
0.5467026212180517 -0.06794440092678412 0.621034255227378 0.37328018352967374 -0.9605867068462803 0.6985178141771686 0.3775922125443667 -0.20212910349209823 0.11854904357422053 1.3360313916726816 -0.506099784850934 0.8581248516201813 1.7513341429337208 0.2974861368080333 0.6680027413285536 0.13799841799554405
1.9896099668116618 -0.027391670400084576 0.906981100584032 0.19004274484985723 -0.8662212461859705 0.5455253224956353 -0.508004008492686 0.9607256872294939 -2.927597250378439 -0.032076994386860826 -0.9398438205216131 -0.9958633353948294 -0.638881078796254 -0.6153011002964563 -0.5563563004955033 -0.47780318461883237
-0.04113386820623732 1.7432771400998879 -0.13394152278336585 0.12743378135889133 0.8919900115522449 1.5288423839045544 1.7165987404430108 -0.057099428660412295 -0.6240376471808733 0.2977847782013838 1.7720362534201568 1.5089928360782499 1.9772263427212162 0.2025164540404245 0.7227253209619248 -1.3883751462318168
2.2272378448788515 -0.11466144793045174 -0.5387583500807775 0.08795562927913678 -1.1636041399520276 -0.2852280260930233 -0.27314736100495907 -1.276973798190098 -0.6083770086809859 2.6110667358709754 0.3430907121646138 0.14742462956583507 1.2313213653535353 0.9508817456142818 -1.2123232070131185 -0.8343202329749843
-0.4775234248394895 -0.7457718772859456 0.19758433940011366 -0.35006872238980136 0.43896678725271115 0.022705669156207444 -0.9236890349781404 -1.5250788082888855 -0.4302205185290423 -0.12144641279115993 0.020652215155559962 -0.6779384852770362 -0.7675581987316918 -0.6406675650177645 -0.04041908294513122 -1.068864987703452
-0.9620402550281365 -1.0124078993473649 0.4369240978554312 -1.0658410008632977 0.24073814011781422 0.20940477944781577 -0.5388254640752367 -1.044315040203238 0.7747537021097408 1.5558803624235418 -0.6416122613784674 1.2433641154439983 0.29849293961900325 -0.29934436084301475 0.001158403046261365 0.37922520572968454
-0.9344674940809694 -0.51226244224626 0.5473973762557888 0.3010522385207185 -0.13632439561742032 0.45386592041538315 -2.2372722128844096 -0.530373671352209 -0.17199672411398267 -1.1539838766341304 3.1251252875239612 -0.15575051165238973 -0.04550967822615731 -0.21309811564555925 -0.340326970434352 0.4683154863303517
0.36186586690032335 -0.4405757718211283 -0.15703166086300963 1.4719070772629177 0.8728818773494331 0.4868019178682189 -0.7498039629930711 0.34115806564588314 1.7481866100854233 1.841034621356051 0.9352463984075804 1.6443075943290872 -0.06521981452894672 1.202175986242237 -0.048382323324704914 0.3303107365015439
0.7700832446178174 -0.5496847286082531 -1.2050782244743168 0.23512638901343058 -0.30689555738546576 1.3212791142142637 -0.5258802232349457 1.8020757396635887 -1.220602455728709 0.5621538875365303 -0.6926034163726895 -1.3272584478763358 -0.8935126760877445 0.11984814664593542 -0.7360568502995766 -1.357629825009418
-0.12718246164432012 -0.0035478385233947834 0.05472855390574153 -0.34985299349162385 -0.6032107292408512 -0.6428622263474547 -1.4124537740868797 -1.4174876609011242 -0.21034556233867113 -0.6655941417124299 0.13186792905835243 -0.025709500089396146 -0.4004948751269642 -0.4069959847673842 -1.133356876168247 0.07105169040617965
0.9893484671203405 -2.4310456619194274 -0.8602207348003249 -0.9997518829741193 0.23946640767787686 -0.469339398351361 -0.34915992916097954 0.3688686430575254 -0.663121013227415 -0.6370705387312603 -0.968022307960018 -1.0768284789521512 1.1981152119377798 0.8697816761080714 -0.37507502927908665 1.6499335568794593
-0.3633383362412363 1.972475343799161 -1.4139187384646126 -1.9209571732247344 0.31522577212608105 -0.3485168126622803 0.3094068478713508 -0.47447596102481404 -0.1277712459237911 -0.8414725984231739 -0.43610544212444735 0.3625994812894542 -0.2293557557102351 0.788395343006533 -0.23624082282417588 0.3149843518227526
-0.9150065903096766 -0.19555737227145822 -3.315677423027625 -0.6506543659403883 0.11257214753702635 0.4727210373236961 -0.8000191454482236 0.1520594738453759 -2.01444703539492 0.34873694303543895 -1.2183634616655394 -1.4629682672122626 -0.39912079893854796 1.8359386573001888 0.3035450686480929 0.013217618272301904
0.1466871952628068 -0.42235113560706333 -1.8536617059273428 0.24917234000198885 -0.9970639422468206 0.2723769800521253 -1.0676521349352508 0.5792682862583969 0.8547737540660556 -1.4986899460150542 -0.8722565194090884 -0.7776527839015241 -1.673961748057979 -1.1949580632355103 2.2591901840095328 0.4185483058952952
1.3871928334353518 0.47877497783894135 -0.7900606924019011 -0.15309074191887645 0.551498459777496 -0.12006090331158116 -0.6211646687676003 -2.31020147444924 3.626881188400631 -0.21556077575410876 -0.7833106222092722 -0.5151395193990932 0.06685359093240069 -0.628224410102574 -0.0010306334558330202 -0.23185621395571127
-1.0484779167937188 0.6253537450409536 -0.23910820445636055 1.8265134600724893 0.16042408721498974 0.2018378284758851 -1.647385825375506 -1.0406525212832511 -0.28111844801241526 0.47698867450911686 -0.10519960158943717 -0.6658647389855712 -0.7060320493072175 -0.5643145806062384 -2.6718831102888676 -0.1982917432145553

-1.0861370329750137 0.8908220958087175 -0.5812884872079754 -0.37490338989554906 0.3834870522412595 1.452834106814955 1.3328261988172991 -0.37741935276716077 0.025064847504884427 -0.7878826293066438 -0.04976122623234713 -0.6752346877244684 0.28853011224739683 0.2253284166856966 0.579936755937567 0.8307829948511976 2.3330253519507296 -0.009966008938564246 1.2557447970304825 0.12013359151419782 1.2040018653656561 1.0505058551075486 1.3978207300117635 -0.49164752435284864 -0.7269347491635221 -1.3038906094232172 -0.2811959697501167 1.5864952788180888 0.2238402848205232 0.7173229619359189 1.0274075756103036 -0.3869422798522434
0.7988171040980228 -2.640105239655572 -1.443952475589954 -1.305363675345533 -1.1415622562703691 0.2581421909492988 0.5178735656478697 0.3663520176678213 0.15429014859229762 -0.9672720440898124 -1.9166699481215126 0.31807416415520307 -0.5555270698894439 -1.518018523019063 1.3266198783986218 1.0810114305856156 1.631512195603047 0.1255714798154866 0.5918631253452323 0.8173426409172388 -0.8512603267775031 0.8225026664106163 -0.3012148958386469 1.263950569938117 -0.07363875461939155 1.56967626294428 -0.40713435030288114 -0.9816364708329705 1.4520091433527134 -0.9298082150831861 0.47855612936756425 -0.5832566778828303
1.276724237820368 1.0497456288091245 0.6182001377413796 0.7607576626065099 0.5128018303601626 -2.0453089862336378 0.24540420078874986 -1.1496525649921374 0.005220574812334972 -1.434983819573832 -1.7903793017426626 2.0024189501642033 1.1489029649747364 -0.0031720052590112763 0.45038114037145144 0.031712829804127776 0.614275402843756 -1.340361801971602 0.9957859146963975 -0.5257280119331443 -0.2852488719853477 0.294225235871934 -0.7000000515853029 0.325823227461728 -0.8789308771229016 0.6016734979156305 1.1469088100093123 -0.4416133821803253 -0.31466428973507915 -0.08027606350190207 -0.8201153446079849 0.5584128811216099
0.8154113539283705 1.080330007258084 -0.4191932000640548 -0.815921796558274 -0.20695854663028906 -1.1023071826033704 0.7779165932323984 -0.8227811367673995 2.226359002879432 2.2225103258074506 0.32570787044563404 0.6098635888804257 -1.7187359087938974 3.104948806912197 0.02057267549875691 0.28673889945534703 -2.31794034573392 0.8456572275256189 -0.9753611214320745 0.23754766370626273 -0.4304053529059126 -1.2081953286866565 -0.49679363132907833 0.5848342762342882 -1.8422825341899225 -0.6875567790204853 0.37269625642519366 2.743123962749468 0.8798561472693326 -0.7406286200694626 -0.5619585435376316 -0.44699574390811453
-0.5261786543783189 1.1440476968084259 0.41109290331311243 0.5195933857654048 -0.22227116202317826 0.7395555736408601 -0.31297108244306193 -1.1139883028833504 2.1301837676546453 -1.678742672457776 -0.6880627260530351 -1.1394733465377185 2.6346832677065186 2.107536068438653 1.7041888408970391 -0.7212847806532162 2.6559089830056637 0.8075116572192386 1.0719524397483213 -0.1091787874451904 -0.05193872602506881 -0.6884126571641176 -0.8260054172110436 0.8732170651158501 0.5467074594315634 0.011660802170517688 1.4158445107814852 -3.239328609591329 0.6580921491087551 0.6710458651901513 0.9706239283516838 0.18550462962628692
0.3416233256452495 1.532491261597116 1.206769334664915 -0.08140693356613385 -0.06904476731527637 1.0608118922624352 -1.7786457049222466 -0.619065831803808 0.5697069194454856 1.3112961976908033 0.7901934939274335 -0.8692525692031529 -0.4910080371906637 -0.6625907674746709 1.5973454284185915 -0.9268618468441051 0.8444819373977949 -1.5661059411191705 0.809825203469639 -1.3005884517681623 -0.6005303620760053 -1.3950275470674744 -1.642189698751475 0.5162277875038286 -1.2330218062570824 2.2659251652731447 -1.650003165262574 -1.3116111744264167 -0.024569877008090157 -0.5258685194285693 -1.3469274870858041 -0.9967658058061146
-0.2778222934303699 -0.2333217132964901 1.3402498925329933 0.8025205210146011 1.557937723625491 0.44793273033849235 1.5872916003163247 -3.141860999366675 -0.8202603954365182 0.9986597599325291 -0.9732408484670099 1.1675127126410765 1.2064890489221949 -0.3464863568822296 -0.7527329118492901 -0.9672400436711457 -0.7217488187327713 -1.5250570559478858 0.19831880184901185 -1.4478751533022278 0.5963917640784814 0.8251802054257527 -0.6703815643565975 2.0648428723495216 1.154331769471018 1.0673199963862852 -0.7330641072612747 0.5164597214159147 0.30719045988555954 -0.4172050619002456 1.6735688647666318 0.20644108233848135
0.9829624242088559 0.16861348607046595 0.20037392070854088 -1.6686031523691107 0.40090492549685386 -0.7544642211010152 -1.1479179647387865 1.7595947802324683 -0.7984355635455438 -1.3112096847933017 -0.2731676811982563 -1.2996252316419004 1.5553591003274747 -1.058126728038909 0.6275836220586821 2.029921816527163 -1.045196199031885 0.4545772545486565 -0.4599699004645347 2.561141291897193 0.9011733439558893 0.27980878710583756 -1.1758597876001593 0.18232927499833568 0.09340845442421367 2.1197377505246764 -1.0439965492347447 0.1933106382453617 0.25261750004810696 0.4046147370395201 0.3532936089263697 -0.3771144027177956
0.7587671930538159 1.2840565265887023 0.16513738559075156 -2.792199825102074 0.21659435817741543 -1.3749803160102294 0.4872284139379908 1.766496539106522 -0.6580231229824136 0.017104420123793464 -0.43060852517036463 0.8947345588891985 0.6357809695856627 1.658738540999607 0.686586003384392 0.24969039323547304 0.14505771269335385 0.4292979765631755 -1.3941344200789698 -0.1441905646912398 0.03529662213359231 0.7084652336754633 0.06462247339612223 -1.3895615195152482 0.2755150653630689 -0.9612885028287329 -2.535785199905468 0.29915893138682226 0.20500745509144264 -0.2206279871514946 1.0671328476993287 -0.06318748964356746
-1.2286335205401342 0.2707415093087888 0.12511273498048975 -0.7321994398077664 0.30129604026581625 -0.7595449137236928 -1.4477294397890663 -0.777881377448347 -1.506117304479728 0.08128287483905987 -1.2731949901245676 0.817223542132241 0.9754633609849421 0.5670462920599629 -1.7124787900695002 1.6610206516788695 1.7758559610944917 0.20877090850004154 1.331078546210364 -0.524368291978998 -2.3086112564238883 -0.7108310971810894 2.466779300351959 -1.4201246755008803 0.23453220016946452 0.051765910637523845 -0.14962612486521143 -0.24779190822581607 -0.16409938722180828 -0.7863728681817133 -1.756264478549806 0.720036668795188
1.349311723937699 0.3098835700101281 -0.22001983168981668 -1.028389825466749 0.06284840159018909 2.756595850092373 0.9039158427200554 0.40506980611615645 1.209738461215586 1.1196742328736002 0.522023181188607 0.6647686539034808 -0.003517963066894836 -0.8967696037719644 0.7057473144615649 1.441993789932127 -1.0493045560809313 1.580482083998293 1.958065020007971 0.4082405236391382 -0.5617430255627311 0.7730739366086291 -0.30766959798211074 -0.34683830633805046 0.8207180187901798 -1.6057087457404227 -1.505189539958679 0.03350884601751381 -0.014705217812645853 0.18670371216382553 2.378018457355241 0.44750963325687454
0.5384038331522191 -0.9190457521210973 0.9908859441714234 0.020117864961719377 0.10911567599117587 -0.44364381859542457 0.9384086645233308 -1.3035179915358401 -2.5565131643969523 0.29073730535586073 0.00493333592258452 0.5375407343936264 1.042477868380413 0.4975749967813233 -0.8858379818387095 -1.863143677816965 -0.29861312603939166 0.5578498931080073 -0.24252117395546902 -0.30293439326644545 0.4993407718832677 -0.5433777706809378 0.4491373202908935 1.4472097505554988 -0.45920513194104073 -1.5464020018327413 -0.1018868369211275 -2.5457471258256192 0.5071921403739873 0.5128761075411921 1.6953474537739726 0.017245204282895624
0.4616900128399336 -0.2063915800199803 -0.5006489822091305 -1.0017721063162248 -0.727442139574216 -0.4728764487168927 0.5635728891331478 -0.5858209030466779 0.745441756747658 0.23874251619183254 -0.964645637251777 0.009664515117735188 0.08824991458482723 0.6404880602702865 0.3295368329219968 -0.5481227965359717 0.39749786161200945 -0.22533710751271363 -0.5084330137960347 2.7139506692364956 -0.4149747423219843 -0.061100653012432685 -0.1605597296872913 -0.3747979327608574 -0.2756479293176916 0.39585721669607443 -1.1409019569174235 0.8607093088628608 0.6306399522363714 -0.7476134423093473 -2.057771644332732 -1.0701772146572472
-0.6081495720188146 2.2694860061928384 0.5044317123461509 -1.6473945536743275 -0.6091437841709939 -0.04780769892350585 0.39257803176400213 -1.7698347023501493 0.3444349633093491 -0.15486266404718343 -0.48654796938976763 -0.0757869204394109 0.526543171572565 0.801983744904992 0.25306950365716546 -0.7121053667914783 0.6735024962218951 0.9028126356896202 -0.9303711146123478 -0.4748819074602649 -1.1838991350438335 -0.28723069362715925 2.9128420112964806 0.06063802651417786 -0.7610467065335881 -0.5262478739807656 -1.0322047108834258 1.9367195036188884 -0.42720330216423374 0.7835109966458034 -0.8155248729274168 0.33960215467753374
1.1145768289541345 -0.7394257754998296 -0.11290827243091572 1.763382613862593 0.25313215643973047 0.8626096188254053 0.8989412369406949 1.3058443143963823 1.8389650951056982 0.3401028656408817 0.45347341873492003 -1.5649932874720998 -0.8716935699609313 -1.198619074896439 0.9505152103366187 -2.04446742164558 -0.7455805000921683 -2.5558149442503355 -1.1327744470564214 -0.1193133892828386 1.3449967498300373 0.24533843199938735 -0.764656757458864 1.3225370967249934 0.34424330652957286 -0.3193088669035107 -1.2892885425781266 -0.7922681600131477 -0.47526745554337657 0.1534308292481563 -0.057019026665162204 1.8420769283673133
0.26864701397609964 -3.2898174598554553 0.1612576416967471 -1.4404137214703634 -0.8594429825933656 -1.0583909449272366 -0.9442490218517534 -1.726072897681578 0.4174935434040705 -1.2174054437572073 0.0542398520482395 1.3629311337836933 -0.9594262434555092 0.21389104180654162 -2.6743897410574426 -0.21102258265056895 0.6539124945189839 0.6654297255765763 0.04204882888143585 1.5719226392913073 3.113371057237892 1.6758146654688322 -0.48873684667587175 -1.4067883358924076 0.3080500878152333 -1.2491920738448423 0.062494853014011656 -1.1391271596240056 -0.2353340710966916 1.1242318347189366 -0.4440957518859279 -0.8218454102402813
1.319225926603295 -1.4724331870244194 -0.05089610248397332 -0.7007614563383788 -0.22818388446681498 -0.38480939107155604 0.6145769258170759 0.21704996554456915 -0.22543080002384636 -1.0505153840260095 -0.9548756831007756 0.5063221378091864 -0.47097849771221195 0.514595089864763 0.5849034443444265 -0.14161680071058205 0.7026898397406102 -0.10284422660734374 0.6111410284741743 0.3332849445110689 -0.6197670738927901 0.13197460540989428 0.4526970580685206 0.7820135670192478 1.136014718122686 0.40571439622132577 -1.9397149215968794 2.2844557723445744 -1.5367084135166653 0.984216186853268 0.6303096340546945 -1.628295646168405
0.3861050596675826 -0.0862120356080969 1.4183195149143295 -0.7056442202675639 0.19088207144706998 -2.2403290158744533 2.2333137015798945 -1.1594634970895104 0.29783642728634785 -0.13464550078200185 0.27023253394264324 0.691991455257594 1.8006551800080157 -0.14911164543519034 0.679483187689122 0.3438503781367098 1.0213641527745845 -0.3213722969941115 1.0215468762389697 1.7783572242661312 0.2536949117184035 -0.5866794665167157 -0.28763270928873513 -0.26342179429934975 -1.0161040407611717 1.1369754863911552 0.3191037682334906 0.4533808729203828 -0.7364591323771158 -1.5365933517623789 -0.09773156032829845 -0.27449366417389315
1.0034293729619672 0.10045685966578455 0.30987863602590565 -0.8018187786857546 0.3966721520101659 1.06085490562646 0.6025529226100336 0.8334872246464381 0.5503945391377653 -1.0998056082603649 -0.3503393801124273 0.32268503331718823 0.010163498168904377 -0.06356035856546695 2.0190483390969334 -0.004859073717926848 1.3284776741684212 -0.13316572519736602 -1.5806994494224584 -0.2225427560721931 -1.2838853309111145 1.396830487026891 0.8872848257951447 0.06791944296974523 1.0894754234769117 -1.7127401511628997 0.3577979819346698 -1.0403010170645512 0.2650094310732721 0.0998055156984883 0.47626457112416276 -0.29547309622328044
1.0285299899612637 -0.31961740343185124 0.5098215609116952 0.7168809524323078 -1.1643708551796437 -0.8002474700518786 -0.03733715774410189 1.151758063432014 0.3363764303459005 -1.2557698373885768 0.5570603267150231 1.5856166365724267 0.28324123414091096 -0.684578346718098 -0.227222618843051 1.4746228307477198 -0.5154238878194216 0.9770341788240855 -0.05144719269688503 1.073174672350018 0.03319822938781485 0.09520866253667017 -1.0858416516683305 -1.1951068263439997 1.1573542325833934 -0.1682317880043937 0.2592999348618086 -0.5119786919899482 1.4067198751518422 -0.09373170443444087 -0.07981857476501598 0.3321329997688499
1.339822871650992 -0.02916108233205747 2.1300738355594677 -0.20771870147504318 -1.3945249246766354 0.26725336069015443 -0.9598765016464715 -0.22470815069610522 -0.48237954636115676 0.10680563254815385 -0.582207887550836 0.8138308235567933 -1.3294019986881738 -1.0083891560945 0.030444711084190897 1.113658392633041 -0.5375093530207498 0.23130065860465968 0.7924114632985975 0.7509465520330751 -0.1338742465336653 -1.3373658464906035 -2.6689429130283036 0.08073593431021045 0.9365221146422342 -1.0215223370189637 0.33604868518772346 -1.2788183272301201 -0.17904346124630846 1.6265104323148254 -0.79819969849339 0.9579661008768521
-0.1122344090804794 0.258897451358802 0.24902737546585366 -0.26891028679264944 1.4091685291030278 0.6581647359582894 -1.1109743764852011 -0.03030648461113602 -0.4815018647572521 0.5063059018390268 2.8382302011827463 0.24210583561810228 -2.4908947911802004 -0.2787353702823997 -2.40005189749894 -0.11430520375939437 -1.866339764240828 -0.9866985557804206 -1.4620161202830766 0.5344419098316839 -0.4056531951875462 0.3586060216560973 -0.12624362680890275 -1.406171770410663 0.5382114808650648 1.919685220012101 0.3290046938758501 0.26427563732288 -1.7056855307458259 -0.9073978772440588 0.9618665574888222 1.3338215182146842
0.5827641557713007 0.7940602408958288 0.9280744965559728 1.3387150503937968 -0.3272242274693009 0.49914473603167 -0.9400366900073975 0.3342502325984968 0.12536803783463724 1.8639010262001534 -0.9481728841649036 0.8728547077826486 1.564255025021252 1.030351598325394 0.4772859004677728 0.4296367211697125 0.7743942346922645 -1.5750877207092662 -1.4705138425204969 0.32618655222346965 -1.7568061888134276 0.8064511837914166 1.1707241111006734 -1.1249899992136538 -0.13788982643198658 0.11850189368414892 0.29831515587991386 -0.12995697336845463 0.7454443649120802 0.08433578586733889 0.5463642596181529 0.2860494668223367
-0.2752242125121307 1.1560787119162517 -1.3809431796079146 -0.208317126227504 0.6313688637951849 -1.2915946988656728 -0.2601647348619162 0.20094285847396084 -0.5013489286617292 -0.6123052724265343 -0.2031926922298485 -0.13412031213517386 2.1287735763282285 -0.9364736135966105 1.3280768754957462 -0.650322926094615 -0.9605447290578981 -0.09369498829953653 -0.1402855501950212 1.0563128595102405 2.3930417938666095 3.1021762731021325 0.07411376219529907 -0.65800797781936 0.3323106947270087 -0.1297257993185073 1.4421110820161829 -0.7288777974317207 2.187056611321878 0.6907599376892087 -1.3637966483477189 -1.2525894901096137
0.4208216168244809 0.8591946387605313 -1.310867551611991 0.18920094410799726 -1.6035647087940983 -0.4024476487239409 1.1621425230678504 -0.8460526737391088 -1.6521180238842692 -0.01574213082282748 -1.0668580764167208 0.015322230247093387 -1.0673060103775769 -0.5297549676749608 -1.6387773263290508 0.27714602925166615 -0.7721092716970844 -1.4255667317654153 -0.0754033896498383 0.7404233003462357 0.006581793402461834 0.7300302203833398 0.2261929312428222 -0.8998628785317 2.7103192577737545 -1.370623997746074 0.5779768363715987 0.4890900164357662 -0.19765519518484898 0.9954467057066727 -0.06931014727098969 -1.9033518466642396
0.4736568116138327 -0.5544758319811853 -0.8767006765228501 -1.6641760579547653 0.8899544054418843 1.7110441608524816 1.0218758827579786 1.376783651506773 -0.2111236082945059 -0.2550100764599314 -1.2713782521484391 0.42538080316126375 0.44039383729392423 -0.28822816524086814 1.6325175842838533 0.7300946155294669 -1.0323190758954017 -0.5744874196288254 0.5465036184932637 0.8537576536792175 0.4745151537212594 2.0414272079893276 1.9126796461619116 0.5035440355575445 -0.7303215495002096 -1.4216984308715392 -0.39565444194996746 0.18323542867991569 1.7406981931466528 0.28173752635334787 1.3868243841498986 -0.5731028246918048
0.34816899375621696 -0.3306872624369738 -1.9448022624948786 -0.8807765686496439 1.1711520871389067 -0.01463138680857623 -1.3601007588470415 -2.020638212835394 -0.6068711708678292 0.18666365728263054 -0.8462720041458529 0.3496804721207762 0.1319845142544997 1.0099362100706943 -2.392922415676222 -1.0695149100800159 -0.6997060056570844 0.32630792709990725 0.7681286918754824 0.3143787604131477 -0.6450575226489498 -0.31777967334080015 -1.3042216300903333 1.0090717103599058 -0.9078739449726225 0.5656383311661821 -0.0014126695112727794 -0.026959168245642894 -0.32318461795234227 -1.7709120816777506 -0.9867050015001997 -0.48559731713607673
-2.6895555895220955 -0.0011112012307685562 0.6501531735223685 0.7442003540347935 -1.12905169407404 -0.10934949881763661 -0.4362678389826141 -0.038508252493986574 2.054444455809839 1.6317997613011122 0.4239158397354855 -0.3429554598104708 0.9433657288047743 -1.2003105657741853 -0.2008928812464433 0.9734857140568763 1.2166659681535836 0.3923772632991675 -0.3811354463700472 0.3484467173411218 0.36364225789214366 -0.6544952693337718 -0.9625002838989756 -0.1050587540600903 0.34553712915198187 -1.9528351556692929 1.0937495939652235 0.6757009381037826 -0.15991419071302698 2.2600569034828513 -1.233187021189062 -0.6080649119134907
-0.20053460014865102 0.06263700776221415 -0.6376969667282409 -1.2925477363730473 -0.43067599854644434 -0.6030555883035733 0.8928654646968018 1.7818606081001689 1.4623436019923854 -0.6869721186792881 -1.4179387650758601 0.4458794142754293 2.005405755812405 -0.14750970299197458 -1.3876519655266935 -0.6290704507861421 1.2193543834799299 1.0053144112468868 -0.0456618379599215 1.4834040363018062 -3.0415095114469333 -0.34043540096511926 0.9796641252888939 -0.47631578236771194 -0.9218647543563745 -1.6072450565355565 1.5475518819213865 -0.369582452914997 0.22991793987230702 0.4341921281244384 1.6657490751997917 -0.14972679244484297
-0.38913157257705466 -0.10698410101323315 0.9311777394850143 -0.09148025767541065 -1.217226248258514 -1.2589225475812378 -1.6663766434946725 0.9618578797207268 -0.6604268943136371 -0.9274815886787868 -0.7232914667838355 0.5528921360343454 -0.1903782657916103 -0.4382719605788523 1.2701097979060596 1.8497565668829592 -1.4538754436809143 0.30555996959670767 -0.8123774581728664 -0.2789596930380315 0.805882170652137 -0.18082986297673334 0.22330719010547628 0.5421548951040515 0.27759434731305377 -0.9688888480748434 -0.9751929893870426 -1.7488355362775612 -1.4086806831365801 2.2207222636894945 -0.93908222320818 -1.329390076956628
0.8020973336886514 -0.10601074491634567 0.041143872716810026 1.8589708987943006 0.8944729440147996 -0.07118863773278344 -0.43297054143850355 0.0037441594504800182 1.475590156228476 -0.04849238770572862 -1.3191750571546683 -0.10101813159611711 -1.4377422165559768 2.229580634195953 -0.37042698175881095 -0.5389100914988848 0.8318349663064607 -0.1775169452948643 -0.3324262965812889 0.37983709602508153 1.6700906759324878 0.2614850915313768 2.106859277084762 -1.2163039342853357 0.059615061100855536 0.42996720799601046 0.345495993385506 1.4913459778447464 -0.1057897349094344 -0.46525408823626113 0.36811219513446775 -1.6237169088533094
-0.3238792997267794 0.016112288391824332 -0.12393891942010533 0.8131346166260096 -1.5304141876248134 0.41284178935413873 0.15357898646389728 1.526071220623773 -0.29885127772790965 0.7501118850312662 0.2480206425685272 0.5626919535831784 -1.429893562643615 -1.5851742051393494 -0.18853325796179443 -1.1906579319556423 1.3417444192562562 0.9297649658278794 0.3244664135505051 -1.3061141568530088 0.5733373208200109 -0.8351760101557348 -0.9455647455005716 -1.069463474211311 -0.10638596377605145 1.9315885277459839 -0.10979842996742765 -0.4796459357768447 -1.0831084298394416 0.36576914898799057 -0.6863266571109732 -0.1360337570338434

-0.7890419292898179 1.5370974414235956 0.21151633361396177 -0.4089709936701716 0.6699338563569901 1.4100525639750774 -0.5279361035948267 -0.5794225550418499 -0.33852224471479303 -0.28116920400878953 -1.2087766546691077 -0.19636492225172672 -0.45764443053978177 -0.09029153684523264 -0.3947278473839367 1.7015947702014882 0.9983717676493077 -0.1522803610237168 -0.44150219925729084 -0.7279087554283371 -0.052416402275367 1.3632341556529202 -1.173412867417041 -1.1963384253330034 0.7854944556369424 -0.01639387299608283 -0.9510039732550651 -1.4659220337174057 -0.6557983103989034 -0.6092604295761119 -0.5955008498043783 -0.0675378639081618

