-0.7077523807930791 0.7408458342984358 0.6419412852940517 0.15982963148570198 -0.17934082816661986 -1.2036422561048126 0.7470836855351893 1.7258506609557402 0.503152813920496 -1.7901942255017482 0.6782775675513519 -2.156071969583846 0.2891413886827371 -1.6577364956562526 0.4463843172724538 0.22063801899710797
-0.5329191357259898 1.7096707381046587 0.36084807916406175 -0.5582504909357393 0.44349004796952574 0.608358050071288 0.7299268135843525 1.485298677957718 0.5255293039657082 -1.047982957641702 0.19318612386665096 -0.4863286853733204 1.0475258895852106 1.8909210264460778 1.120847241954049 0.4414421754143229
0.3060557946335148 -0.21298084982351517 -2.0267420181560367 -0.4087038229739683 -0.3331243977617263 0.27857809949842466 -0.2806909824482076 0.3078456050367143 1.5618963662528198 -0.0019319411178802676 -1.9462830934953856 -0.6691631372184057 1.3018920779446623 0.8276022185824904 -0.7324881889199525 0.17736958028178798
0.9234933131138479 1.5798796728944342 -0.1704911529224012 0.030171765229522564 -0.3549184512224224 1.1350066474743585 1.6520250368425768 0.582589177488913 0.6992899161624836 -1.9983670026554232 1.200199360695154 1.6423795887879777 0.0356567536454575 0.10640797065992899 1.5437622250201466 3.0687218007340413
-1.2462098990238186 -0.6667786681045579 -0.7997913392863706 0.5838994586053319 0.6770108874713522 -0.41218771046949937 -1.4786010782219798 0.27740486602058023 -0.5229926220503489 -1.3830454997535662 -0.8779265492621824 0.06606808359833151 -0.4611132937640853 -0.7235461913857484 -1.0341665579250905 2.741036984877356
-0.07662750788547286 -0.764615039700988 0.4882769081088347 0.3500324973005443 -1.0408077186596387 -2.1397217741062757 -0.362763147298385 -0.5464708170922693 0.2928010787343339 -1.6521611333246267 2.609843086103706 2.724951676436484 0.24972601217137913 -0.6233065898663723 -0.03549347460741827 -0.0671328246615795
-0.7234270144827002 0.8665345065958404 1.306021270746768 -0.7845269820261673 -0.3170990384383186 0.6062826752628028 0.7240829154151271 -0.771667517498507 -0.3431868800609926 -0.7319695454269628 0.359724761987593 0.2847106822874036 1.2708125801642987 -0.05439412229493924 0.07732903054468254 -1.4138988860382002
0.2120036181214811 -0.021090203788053825 0.04520087057653087 -1.0384113130648818 1.152792358483062 2.009290519578967 0.7096574676246625 1.7116955580070683 0.4716172543916769 -1.1661174042424558 0.5244161416272172 -0.0720829169697508 0.27918000899704126 1.8492579268878948 -0.6025530281622226 0.5986056134072575
0.7896135562293835 1.3066610689690537 0.9081864205512427 -0.9835039259737056 -1.1399944193008502 0.47037670364895534 -0.7404829059550982 -0.37772282732201157 0.5785055118434952 0.5447798550765915 1.8669715927262254 -0.5100142554500398 -0.7285865229969605 -0.3840253728909064 1.1263579809210198 0.4141135762509045
1.4809077816404617 0.1988837690560501 -0.46998653109484767 1.929814812838986 0.7754395745306962 -0.4337444883390268 0.24964085577920686 0.7064281647994655 -0.09931445080067655 -0.06399894861489913 -1.4034198675473175 -0.31480713585851705 0.9029242362788397 -1.1438458000965628 -0.37645813375476106 -0.0577475865919697
-0.6606324871305612 -0.7504291437777053 -0.9253824172254663 0.3621135502397588 0.6599515217030147 0.5933129808567985 -0.5522537250127966 -1.6195631643928576 -1.3990095107966796 -1.0365878232950492 0.35486854380520194 -1.6910179152453022 -2.085640622922223 0.7654087562610431 0.30567227436020744 -0.4475447386753844
-0.03505876519899498 0.5365149582998621 0.239820030850166 -0.2594085394188315 -0.3470895867221164 0.8663376634194248 1.5928750254746387 0.21940601217395983 0.6584739671900418 0.12627081182339986 -0.7438640116687307 -0.0957671862115188 0.49080261294803423 1.2670297661616 1.5828040465876771 0.9297961339576515
0.05935023402959205 0.6062123389433652 0.574703899130803 0.06940609675781476 0.2709591117817519 -0.7043121675272525 -0.6390903340041114 -0.028514646326782585 0.9655740613078394 -0.0010326133865498702 2.751094975342177 0.5022913397616072 0.867396362359287 1.9905028379450065 0.2768222972747683 -0.42031356094907163
-1.5050365471312366 -0.9427597739164411 0.45644302918170343 -0.04398151911628681 -0.5905716132680476 -0.17343115727815872 0.11578963534788067 -0.0502008013881422 -0.16402269970925515 0.018200206646640724 -1.795934700596368 -0.5782945351802538 -0.9735138936631278 0.08781415824041942 0.3736333747052973 0.8438637518604076
0.6032183947207875 2.0937376249643522 -2.2393131067750702 0.10040425041405814 -2.1052596428356747 0.9134144387477802 0.2418878619540344 -0.3630329098604832 0.2340103001560938 -0.8121144854409161 2.0350820809432477 -0.943187389819655 0.6451010806493538 0.07969358967050108 0.23341939897026237 -1.0385796720144282
1.0038785086401705 -0.8807396849440878 -1.1447339847035727 0.5311374531415524 -0.414372299232205 0.26672142474380955 1.0535460428355627 -0.7489098452860894 -0.28736841196686536 -0.8415609044913402 -0.023188778358011128 0.8375668540332245 0.006801495535833209 0.16666924744628792 0.20149982390209648 -1.87882750359801
-0.7260169022288878 -0.1477721910109398 -0.2659730417016375 -0.7782801279775255 1.5796136290326337 0.5667020583826358 -0.5494846217658171 -1.5485861294761791 0.5332237014149122 1.04490662959247 2.1329414326784266 -1.0536198774415018 -2.646624187802711 -2.3904089591441613 -1.766453731470307 0.5198892382035981
0.41076296854484007 0.2364005459127976 1.3381836474021198 2.2370320342729015 0.6630050878445602 0.4547431992688088 -1.4012283943254373 -0.44314086215120985 1.2439765179757327 -1.1705033079641347 0.9248338796531483 -0.07954587033025826 0.804171374716279 -1.0967946332042033 1.2249654666216225 -0.9362203374078734
0.2934345542553426 -0.4679461874838465 1.4487854299054588 1.104299102112808 -1.9430762796488537 -0.3663560048398379 -0.9354569997579251 1.4711190842472184 -0.1901883954185476 -0.8999207209629114 -1.8326851586539767 0.3174087215328436 -1.8272471131528971 1.6120864974091182 -1.0926659384607673 -0.5487256686112791
-0.7771154372646591 -1.6265551335826365 -0.5412702261409692 -0.6312227065266912 -1.7682111925676625 -0.7716210443333238 0.17947161645083773 0.1974454769848492 -1.9923590806252174 -0.5291294657311171 -1.867872438857111 -1.1762767190023167 -1.007583263473303 0.10308014243398318 1.1608272903538284 -0.9680457800390734
0.2610776562790789 0.5327049397937442 0.027881956360548986 0.7845795461083732 0.4226507302219525 -0.7964201985984104 0.602898518052482 -2.0684467386789085 0.17567375245146372 -1.703861870258601 -0.6147752346801768 -0.6055630821046358 0.0763268310728929 1.7637135049674757 0.3461148727935645 1.5674049299929373
-0.6263311228240291 2.058949083373517 -0.9361391819956161 -0.7712632322218189 -0.17880514170374012 -0.31776148527637027 -1.6833048790279224 -1.831309749439563 -3.8416042627697076 -1.3222670289474376 -0.7758921522623373 1.358084899467952 0.5862715421321492 0.229154310684565 2.6206793714761987 -1.411915946874846
0.2622572845059665 1.9170048570570821 -0.6509316346599794 -1.202565511959301 0.8424744533324042 -0.924124373677324 0.9734769170276605 0.883322524333118 -1.2078252567751544 1.6138170086647072 -0.837866565839206 -0.16916340416005954 0.46220449236894 0.0815934621999839 1.3144800489593194 0.6037013488860393
-0.004965327243951462 -1.2410284241974083 -0.5385163632187755 0.19510661953872901 0.8208158928138068 1.477251051475745 -1.741983341668224 -0.12750683373195582 -1.5142010622431854 0.03315825325106972 1.5501253076990549 0.1605387338062914 -0.310450049149517 0.016853555934159423 -0.7189438188085121 -0.5668611764991253
0.8883841227197625 0.15011617049407464 0.6579689606143425 3.1659841072788377 0.2579298919991918 -0.9753478557712683 0.9230526058606323 -0.9187363821555415 1.1575044743667429 1.6530171143840373 1.3582422522382882 -0.2623369777078858 0.4201998887527339 0.3926075924726593 0.7106064610693539 -0.007010243066690045
0.4748932701436012 1.120797693357858 -0.1578208057992413 2.5115766860404665 0.023088532177219824 0.8611279382506271 -0.8456814286483076 0.5667405487244803 1.4240615821992337 -0.9316118455936185 0.5813278479385425 0.16341955807782177 1.922659044449354 -0.46599656055487004 0.6674267992980787 0.22804958904024297
0.3969809418412299 -1.6259898699295927 -1.7941324821915683 0.32761287247592746 -0.2051391012910881 -1.6160023124426957 -0.32924266154610354 0.02088746689462574 -0.3514434851218527 0.7927128213150008 2.0121573388890654 -2.7901086176619336 0.7428691817447342 0.6961684125006469 -1.147910265293638 1.879426299487778
0.36743682433868213 0.9356440766904149 -0.31583920307747815 -0.9290561297967891 -0.17792104408421333 0.36281917283002185 -0.12610773648203047 1.024660641514086 2.088320457722479 0.42911924784348077 -2.6366021246890505 -0.31085058148203865 -1.9777168523906294 -0.23579202022529788 -0.1289622011473297 0.20452004906911891
-0.4977484878960853 0.4151425120636961 -1.6184466238127224 0.8094624779501335 -0.9922721835482889 -0.0446531826523084 -0.9981689271112504 -0.49145362592918107 1.6089172300105594 -1.0296268320602535 -0.1836400395650398 0.3246864852953731 0.1214696611340396 -1.6248901139880543 0.7392699022497455 0.7436469052422351
1.5035524566185854 0.5445110928110009 2.1273168617146925 -1.2453957648321081 1.411752452744383 0.5212074131622695 -0.6821215306619031 -0.022822490902696252 0.7882542822708438 1.3178973052349574 -0.2230002406488087 -0.0501956644450404 3.0810866092638074 -0.8868324195512708 -0.4037691907912843 1.3425989490467496
-1.4877196234801522 0.03807865883777759 -1.9403641572352812 -1.1862643679894451 -1.408349137785116 -0.6125783156604688 -1.3193683558632023 0.13025386960294477 0.6553874219509638 1.9233355564431824 -1.562289982097414 1.8970444886110867 1.1568540715629583 0.5394772241587603 0.6273119670768196 0.6649196851741426
-0.17511438847303612 -1.4295095788176608 -1.5221958527810235 -0.6717649176368523 -0.714724319513846 -0.16093435727331848 0.831056504390846 1.1171335348766283 0.18365164470420822 -1.5243707716929673 -0.1465542850013581 -0.6474145290257868 0.35867062231630703 -0.12220155146220285 0.6071259727348158 -1.237885970934409

1.6686871759363648 -1.8812955119724069 0.9495743941825263 -1.0686262659569183 1.2872685823024894 0.1327045526198387 -0.30069296811025054 -1.049032953317199 1.1581986418966272 1.3460657437754922 -0.5645194181843597 0.35863583479291555 -0.9005096872090407 -1.099694668614999 -0.34453767629332976 -0.3215548258919596 0.04287845323309193 0.16627349705447134 -0.6477379182174694 0.3779073653602556 1.2877181165377225 1.6018539486106245 0.4566672848633883 -2.1592852275732572 -1.1654953986292065 -1.8569579878692617 -1.4286428305223309 1.3871106984002852 1.476083318430832 -0.16621452230029146 0.226100623857316 -0.08040713014578446
1.2858380871952957 0.42263863293739207 -1.0600631878138536 0.2917429552669153 0.26172438937011233 0.32838625539046257 0.374326842053267 3.586059329149337 1.959325810880097 0.20554544475871445 -0.543037393164384 -2.587004503058497 1.5571227013402762 1.020996700793814 -0.8727942186065221 -0.13703242050172726 0.1679916809709513 0.7371888181374627 1.763987486918476 -1.5263723003023109 0.20754286092934732 0.13347133797494265 -0.574316770758008 0.6496397582581699 0.12665250884526108 -0.1716238293914864 0.767167802289564 -0.39069035846424044 0.8835502885046936 -0.9134220925781777 2.0621300220246335 0.6200431635781563
-0.9311665830895107 -0.2644497378441559 0.9957883281034171 -1.1720054763844938 1.519169106007857 0.36934728278373796 -0.09831552884459988 -0.728248057645529 0.31931731887666354 -1.435438527993252 -2.598540419046076 -0.5352344324111541 -0.2295611989710765 0.24449485051906056 -0.49547705374163337 -0.772096772560204 -0.3943600762169397 -0.25920347412562234 0.4194936627897687 0.8333251548024243 -1.3951331200827126 0.39582544306644507 1.1909215652785952 -1.4306162761866645 2.1198464256479976 -1.0163803157890714 0.896868568544164 1.0125610106396805 -0.3692089799571894 0.21428931224809622 1.438193364581304 -0.8425028077563467
-0.3215553013810917 -1.5744076100817455 0.1188577698453421 -0.4887482503464708 0.2557376777133755 -0.4468084162694189 0.6146290805600132 -0.549168047736091 -2.797502214080334 0.45139618201538334 1.716354973167218 -1.2431796251565526 -0.5100074637895855 1.9790919595932284 0.6462783483499066 -1.244573477787938 0.32056212421642855 -0.8015641614871175 2.5030168149670593 1.5408863383478895 1.8719151882994902 -0.32607480069904426 -1.076465185920787 0.9105928570326767 1.6755137154408222 1.7121263262902766 -1.6600557626466772 -0.511859065323209 -2.154485543296084 -0.36385681632654193 0.47516550530130247 1.4711950018784978
0.7425692438334118 -1.1346153170641424 0.9633726919086116 -0.44899875077966794 -0.2359059850253986 0.129520171162621 -0.6787226006722605 0.5555860134304439 0.22879342157555554 1.2273786307287307 1.2309381753945485 0.01722296209141185 -0.9581842172547171 -1.426892562243646 1.446670928719112 1.975874291029385 0.7619630902799136 0.30990087119966364 1.8539840041881555 -0.6731906892917064 0.592876951018632 0.6397139143948014 0.8948513984427894 0.5770114861782125 1.6186249410088462 0.6183279945662221 -0.6496164932411697 -0.5452594735973613 -1.1283264747694963 -3.0537959861661768 1.265340252599044 -0.3098941185973817
0.9951766765772329 0.21050775398193242 0.6751289365596791 0.6455117799535696 0.834852415816129 -0.7911033002174008 1.6203348573019976 1.4200347505117232 -1.6004217919143024 -0.6094781408290195 -1.7624784219665302 0.37276169719626673 -0.41875748247035105 -2.648604031196669 -0.06996542213926009 -0.337452974998333 -0.006202131822334506 -2.205082194684031 0.1645609185962214 1.859784868559825 -0.13808798985154402 0.8133836687920929 1.790777864923651 -0.08377774544820452 -0.9588521184609321 -0.2894896415142775 -0.3563805638608059 -0.3712733347576486 -1.7327275465487202 1.8351628973255374 1.0544433292670823 -0.9735205698460583
0.6935642779225757 -1.1809995520713872 0.3285787137512868 -0.6190681188319442 -0.12055205647287522 -0.7821625167506929 1.3056091473265108 -0.13538905794828332 2.016373891668645 -0.9441467341515069 -0.06946857301683843 0.07682862622658726 1.1679271805061577 -0.7767875989420081 -0.018697842161634608 0.16778038339736379 0.5828028183590822 0.10613590911744694 -1.778595693735385 -1.222238020621825 -1.7213469731681923 -0.33532762010033274 1.366097695855638 -0.09989544185946184 -0.3822641311191077 -0.6582045857752297 1.2514893458735818 -0.5248062592488286 0.1529224678806254 -0.17091303366428431 0.153600744433836 -0.6884819906739865
-1.366952780484439 0.7805326910759056 0.43875136250873464 1.2504676117688343 -0.5521393421549496 0.3794234725781421 0.8454790947363421 2.4394112445291225 1.4542805299931327 0.3186244686763006 0.21334033064227034 1.4112632655726634 -0.5858634261728087 0.5732717068364784 1.3767776254999922 1.1586532622754893 -0.11863478868569696 0.6813770822806807 -0.5865405205570294 -0.30645905734988954 1.8908260816749376 -0.31834677474818696 0.0027569307067155553 -0.05099683046657401 -0.9812594325924714 0.46038793275906 -1.7884564121579045 -1.9292690935619339 0.1349416167511528 0.7541147650226756 -1.8308612597348044 0.6117723951650037
0.9057686567477271 -0.6427191081401946 -0.860305546176494 -0.2914344979938576 0.33048608377623245 -0.5574205672196716 0.9396494214337 0.887815543259078 1.804206357169016 -2.3421287007497016 -1.2520789936544623 -0.5079631831887818 -0.9136823291875759 1.3014382406273355 0.5371249793653748 -0.19916424362401275 1.4629727788574944 0.5251632920294131 0.11225739690225835 -0.9160913703570481 0.32642519356077293 0.658715862900434 0.4901960822348155 0.7902717592965935 1.5517259542405966 -1.3102581687461288 2.0165236891254996 2.0210563091629106 2.0740883194853335 -0.2625442192379232 -0.07317806281486096 0.35825925924273955
0.5299209629125919 1.0974571778728783 0.023125162815376167 0.9641664204689326 0.08216385269322043 -0.6160554773812541 0.8129104381873464 0.3289419585367052 -0.5058247576494662 -1.4026973675643206 0.5615410828212539 -0.1341160303806645 1.4601733319088457 1.1386705011592646 0.3549640291836104 1.0100434124583444 0.4167782579177241 -0.106798259904254 2.1479750331032754 1.6807401390991057 0.26517702879467125 -0.5069993127479601 -0.12342386318457568 -0.388773881407337 0.9545222615741584 0.6391687297999911 -0.13436787044057547 1.3436983150649113 0.0497947435902026 1.953489590684517 0.8556029324251734 0.7278021013762345
-0.9831370637272576 1.7934435404731293 1.9399437738375904 0.45402309347034675 1.3736142247697916 0.30589064954105993 0.9300716807665184 -0.482637212379863 1.502456635298493 -2.9521368938252355 -0.7923436536957341 -1.46149231521701 0.5553181455520161 -0.6424234349079698 -1.4880298771375093 0.40816341620695806 -0.25321891147023157 -1.637093894479837 -1.1960226865401085 -0.8258798832985035 0.7279449419900417 2.0714792070072807 1.954292639445142 -0.5543589587973514 0.27314279515067014 -0.5620087324208637 0.38562292026316364 0.22403589875752788 0.17315282243592017 -1.7773398500540696 -0.22141909525848164 -0.8313327505051398
2.0740720029710897 1.100274365646963 0.6116453169557549 -0.31230035862823025 1.5977360157265126 0.5242498811425831 1.1029465673545467 0.7987674318123198 0.4917112674844495 0.06176439146157715 2.3429131037407633 -0.4536797665669061 -0.5328506562377765 0.575318417553061 1.3785207952917167 -0.5300458436850602 -1.16094035207172 0.7397573220191012 -1.1806384039976012 -1.0349401628597237 1.7694869245205151 -0.6301733268668922 -0.5709000370301404 -0.3090999143872299 -0.4319967952579712 -0.12877526978067133 1.0103878318010593 -1.7895804591387192 0.9607375905701878 0.45980969098202074 -0.39590880098639997 1.2194869371090218
-1.1363184421062513 -1.2382091225430547 -0.8815017077717934 0.35202547561286024 1.4607837324264739 0.07876657929687315 0.3742127912860512 -1.0872495551087453 -0.3526095991774334 0.5183275115767045 -0.3485727967209772 -0.29484269741450975 -0.6863662354388758 -0.4071233245635265 -1.5752277329423907 0.0292029850663202 0.2672532798421441 0.45784097366714216 -0.6081397637350492 -0.6676368408443988 0.15778062893269135 -0.11976099159922712 0.40651300159069015 1.727863812626141 0.2665809417490896 -1.1943334814996125 -0.24865205385627898 -0.31665226730890994 -0.2862370803769593 -0.395920362214984 0.19250600152662467 1.0498087899009487
1.394967828383247 0.8960354231125089 0.15492785094403716 -1.4287512882438744 2.143213181724801 -2.6998505493244758 0.13938619733774613 -0.6694407938705584 0.8652611921771819 -0.2393708656334559 1.3775606524598663 0.5048329569604463 1.4151739632669815 -0.10772803921235868 1.3637475887863892 -1.394543086274642 1.2693588970434737 0.09696247550731954 0.30194796758678294 0.494125152977184 0.4280185299330951 -1.0218943401610876 -0.5724589037928249 -0.7514970507575613 0.6505967336463737 0.0927196116576151 -0.7531384807129272 0.07201590777334621 -0.3061201845542268 0.9293857517597826 1.1118783092400848 1.050690892513472
-0.205650580849764 0.6063731459493169 0.6122107000253779 -1.5919388000369887 -0.38144736119143036 -0.2715320744324549 2.0331192275194105 -0.416918099080584 0.5334994405634946 1.1730967975052635 -0.5782875112376267 0.6030400707365416 2.070619861146565 -1.5475091415170876 -0.4525844725139051 0.5939902819926414 0.36989328961967916 0.34016559835225424 1.2166262569384654 1.263842213632468 0.2994301100710319 -0.10106196317943342 0.4582126610543277 1.6586668313738024 0.3877585722374937 0.9190035330300732 -1.562306692032177 0.452080493401632 -1.158730779336882 -0.25505950377111436 1.5287245276507448 -1.112934112741744
1.9052940476490865 0.14736404993542804 0.6979839983061912 0.7423579049400373 2.087331545019663 0.6592316312553554 -0.968194275425594 1.1433437411047687 -1.8618758113927123 -0.36523753396503855 -0.5709554107561765 -2.193428519016659 0.9786943854849194 1.5026398802197651 0.5188614505156351 1.3429130654327683 0.4112133495113218 0.8211135341881084 1.737102581445877 -1.6137742510391089 0.9648866941407709 0.5819966265827242 -0.44543185546508157 0.12571030979129788 -0.9799941129802662 0.13991794039978067 0.7137715908200691 -0.05230415382621692 -0.8183385188804022 1.728175311715213 -0.2840977742297105 0.8984515562925595
0.5532917129607207 -1.7909971469437467 0.21876573420384757 1.137561634591785 0.7086296713795328 1.1671091886488272 -1.4412798206173174 0.33050892195668785 -1.2394733905099733 -0.3607464014877838 1.0829577380486173 0.8749926097447018 -1.7444421072719412 -0.29045537561268453 -0.6772803037595734 1.4686993100942194 -0.08726123623921905 0.11344068613258594 0.9998983217077532 -0.6792215343691292 0.6462257283209746 -1.1447848335179893 0.1452780592327425 -0.9802238395891065 0.24693540711681972 -0.8327386817232214 -0.26718954659551836 0.3676129172911418 1.154842973716931 0.3118386793548992 0.9764877742886646 -1.8168133478182593
0.956583270914231 -1.2776311666731976 -0.7707692266676026 1.9421552699868856 0.29738870898545 -0.7168305989562791 -0.669041038914887 -1.4923091871351886 0.04316862414162119 0.04941281856079638 0.8440888751255522 1.439094123483649 -1.9172975108312125 0.3596306737905385 -1.4360457753001519 0.5287145478662842 -1.2108941384994685 -1.530588325868174 2.290429713338749 2.2515619577554227 -1.0364704491463657 1.6308960150288387 0.18999181832056528 -1.8673009285215683 0.5740282873585678 0.6151787925271321 0.6845749948629553 -1.7012338178998747 -1.4455987362339637 1.3085923772734227 -1.0659196545493905 1.3068310124186704
-0.025043924345454417 -1.1819152544366145 -0.8518630512934235 0.6285577279545287 0.542294503805282 1.359695561386142 0.16475137203416376 0.23083843413791208 1.9848692564304773 -0.6629112609183897 -0.2997377240273354 0.5736948422991047 -0.5463401661138116 0.8692179176139515 0.4874770842945057 0.9624146389668913 -1.002873396109368 -0.7425836330046623 1.802978580697428 0.7688618495618271 1.3959453651835516 0.9663298267992633 -0.3905737452810578 -0.8087493670301369 -0.8651132499575251 -0.8479344323828374 1.1083164074369587 0.18919499276360463 0.9642976232410931 0.9759636453725873 1.61498433695203 1.079316694594024
-0.028479752830674054 -1.9050204285273526 1.601542396088501 1.1240769647830107 0.22955653462171338 0.11969977822056188 -1.666943736787828 0.45611919025679354 -0.8433608639979642 -1.4718240816536572 -0.3970586623030647 0.43219875013963627 -0.21503513365409166 -1.408601042126388 -1.5666469230137599 0.20484213997838302 0.8138494993035955 -0.12608198174363286 -0.37288531457849255 0.22301065235423256 -1.122640620149281 -2.179984230050434 0.39307757196321863 -1.8184140779308307 0.6025512972777508 -0.32134184298309465 -0.550048595745873 -1.1686152406306336 -0.5339759187850385 -0.3904247020169851 2.8032345968842156 -1.044377833767912
0.7490695209014006 -0.6237926687661265 0.1607424507435259 0.18423499569962243 -0.2199500098524704 -0.4361471934541755 0.025236877423918155 1.549029906552452 -1.6236241115425674 -1.692365434966202 -1.2449104723561482 0.6887439460921553 -0.1608211494591107 1.4769197526504145 1.3793452989897008 -0.28308180976789515 1.207834659092481 0.814181011578535 -0.5114853380781095 0.389887341885198 0.010668863888590334 -0.685503813020228 -0.3110436125060965 0.14334321050935456 -0.12260743954123568 -0.2768961481812165 0.02745914944043326 0.49216626082635495 0.05382921713061943 -1.1756718624935516 0.18967088239709678 -1.040395902453885
-0.13465248800668747 -1.1114028946550045 1.69506269695446 -0.3884581739339864 -0.2437666243777461 -1.6610119328042638 -1.2646408833782683 1.0787305320450187 0.3505840815768436 -1.910466515623235 -1.4276354972324719 2.142693357827395 1.603735461983514 0.468989050630252 -0.21741069975235278 -0.11123286660709085 -0.7030789610655579 0.8325329871419478 0.26517842949323267 0.6182045663959139 -0.6643351616946658 -0.14109982413071676 -0.7429433206289547 0.31100599572427684 0.4106841710468967 -0.016163840931024423 2.542806847096615 -0.5439975406252064 0.6536976614733462 1.604261860276127 1.6266567072557485 0.0024750957537252594
0.04702258963556538 -0.5215500641827607 1.6225807308371758 0.8718755679265092 1.80843974487477 1.256883465748069 0.650263280550898 0.07486398956825671 0.2726993809647703 0.1915284154982273 0.37548613327688174 -0.1828057326993114 1.2148029320714906 0.8101519874906495 -0.5492140099588978 0.12469296410221284 2.1681869634543682 -0.34676110730592474 1.345653499883817 -1.052269500622386 0.16925409598034674 -1.2630258876073979 0.9665229996013357 -0.717512327895821 -1.4337086472188896 -0.6338980142237971 1.4403752642984768 0.8406187502674483 -0.13930949900603534 0.653198824082455 0.5556352570719323 1.3231971179257607
-0.5622999484235269 -0.3097362996454175 0.3017973757134474 0.015133365472407082 -0.6677393346847282 1.4125450450518808 0.17540791237649578 -1.4460883797693898 -3.775212916637438 0.8737261904581352 -0.7703438328755245 -0.17853719684689956 0.12446158526616206 2.0923725651015808 1.84970344730727 -0.035614960183545034 0.3438088370934538 -0.20356026821897422 0.6552606359830312 -0.8455894040313948 0.07194050345177326 -0.17074882867452032 -0.2434002596232771 -0.18271235386200801 -2.2417885406025118 -0.313853101672565 1.215652740317334 2.1283507515897364 1.5453045361633637 -0.22504910351210172 -0.11987766897021362 -0.3262960415874312
-0.6341405095577353 0.7833018008709038 -0.5834737822207632 1.5077654851770232 0.5270459970087643 -2.01305557665688 -0.06734925897188943 0.73090732020129 0.5995286814208416 0.27441783185522955 -0.37770872866140187 -0.9864728464393864 1.4863370665843454 0.31435071889179084 -1.2626723704181326 -1.1372288527681826 -2.700309635353517 -1.011381631435873 -0.5824781243194543 -1.3587049843170347 -0.69925791689938 1.0742027476215332 0.4303312993638967 -1.4327529361106133 1.731886780875325 0.6041021826225431 -0.21638669285901954 -1.0496356851361426 -1.113708278353836 1.8622670560040202 -1.2569654206336562 0.5240178723365562
-0.4917121914733644 -1.8816195108504197 -1.3801296344489073 1.2503656031069028 -2.0104099206766346 -1.2206422261883751 0.6678079503675755 0.41716989092807966 -0.6673644424004359 -0.940148836893055 -1.4025101981137573 -1.5135390432403821 -0.1530305692601629 1.4678774470916571 -0.6899763242279373 0.7793657832755586 1.7309242151142796 0.8960553053296441 -1.4554383422613384 0.245380335086924 1.0466243604631482 -0.3160188531053727 -0.09623798450277768 0.5309785773902831 -1.2968186012604344 -0.6171815290851506 0.17591124384956633 -0.30815997532642336 1.3928989421377695 -0.4966350024377063 0.6422434934437332 0.9033104493526387
-1.268363128707914 0.5592311302984809 -0.9871403783921167 -0.5928867978378559 -0.4680212878794141 0.05300773388750895 -0.1968664194509117 -0.3448230595258354 -0.6004454235843006 -1.2655503269531478 -0.6834568426482431 -1.326597605436387 -0.15321317665942036 -0.5751659856368235 2.36714980440273 0.9187359022470329 -1.9366059536248093 -0.4549166144798817 0.5251377460537564 0.3772414809454698 -1.48755396299385 -0.8985549082802325 0.34422938339345843 -0.4415902196822112 0.1608352231276961 0.250652271614087 -0.0620656721091756 -1.2381104492851023 0.3937346023963869 2.351410456493079 -0.06296526005449393 1.1790949183329762
-0.9083030346582832 -0.13780013556538115 -0.590110627542498 -7.754466729887471e-05 -0.09955340955673239 3.0611773770574127 1.1308245226306646 1.6982765191932823 -0.023373652909884555 -2.158223912363511 0.524549848428329 1.094979045075649 1.2485180537091598 -0.2485553634073238 -1.334025964404077 -0.5933959586996956 -1.3929986315975293 1.5318309799394507 0.562889221563757 0.7707184089581116 0.9928771736139209 1.849649505383722 0.7281952246033534 2.258922154465131 -1.059361775120474 1.2524403139783038 -1.5273547412247046 1.4778677538954113 0.7827247339235505 0.04184240649794394 -1.4822852150062567 -0.8152256802181859
-0.5452873441946873 0.28204466824701147 0.4381561264599094 -0.9480608418351553 0.5187270391323087 -1.0541059424141126 1.404604384909416 -0.2649711130519574 0.010029458841608378 0.721865893505417 -0.5689904696814982 -1.0186419528566037 -0.13897511204573137 -1.1867287604616716 -0.8684461187229161 0.962218527766524 -0.659519098973089 0.34221598385278323 0.8727995458894722 -0.47140131961653375 1.2822810033995267 0.47961245047786655 -0.2045242470577237 -1.5897598334352412 0.6211572850373489 0.9158307463435809 0.6773538124274525 2.181520704240407 1.0939981065261764 0.41022323538223815 -0.3376337030114124 -0.8669982489039831
0.01222299732569139 1.2086393298856413 1.2286839146581277 -0.78735581593643 1.2486198058546014 -0.4555151489484632 -0.805548500712369 0.3949333779891104 0.8359249852809502 -1.2187828443010555 0.6958880659976715 -1.3282220272023495 0.9826107575184985 -1.1217205856775765 0.0948931857707479 0.3728345620703803 -0.8526930044040745 -2.4351579714433744 -1.9179271897356585 -0.08038137701018358 -1.2329478054183252 -0.11352285532245288 -1.1048831175641896 -0.20279564698533148 -1.0356688190803869 -0.7674115830768857 -0.40914744067068815 -0.11051250939158422 -1.9298496763760726 -0.04240634125848093 -0.9176487522006801 -1.1943212104813223
1.4574061328810837 0.4694319389982398 0.7163081141458763 -0.05763182790473896 -0.5981190555240247 1.0675854543333998 0.8108688736726767 -0.4126612592482466 -1.0149443811808363 0.6756411621226679 -0.48371093619978006 0.7630600915118368 -0.051565115703830905 -1.9061364805883696 1.7655837886557635 -0.6071782021305003 -1.2490210906168315 0.034306793459150366 0.5348602807831576 -0.9357407611738122 0.8336348010471742 -0.43527503173281273 2.1048679996957564 -0.41997682172676754 -1.2729838476753614 -0.7385620449817437 0.4579474640632859 -0.39805798218339306 0.6794434739265905 1.4552365731576746 1.2639683311907943 0.395156166241651
1.7109499221284374 -0.1891963196453707 -0.23991405468986265 -0.040154009222023904 -0.6038023737341479 -0.627006847362548 -0.004695719153887973 -0.6276066105936169 0.028831136556317374 -1.0418581144276948 0.7111233998552446 -1.3340082674241078 1.47504421540854 0.4858162547422556 0.8531953501251102 -0.2548435749654034 0.143131716608861 0.12534429573036626 0.37734063530610257 -1.661634640940466 0.557146394561896 0.7679588108255154 1.2934329868149106 -1.265964620227405 -0.9213057002998088 1.5549401916954444 -1.451974974244537 1.2565257494251565 1.2052215734094278 1.2460820652834084 -1.1794522489258834 -0.03207363607887059

-0.5909545390842146 -0.009602557413856003 1.319641261171206 0.13539491006390456 0.7432196058977016 0.29461705495502205 -0.07528172516071505 0.004931814973052548 1.3400378723757953 -1.5891408498114759 0.42416312965806696 1.1060314521204588 0.3324789210913309 0.829291322012422 0.8168847881314558 1.0742034157996283 0.7086529262534352 0.9679877432536197 0.7766138188154674 -0.0992582513098618 1.289111840380733 -0.1350955174409264 1.0472775652279318 -1.9910363515224063 -1.2914865792701078 -0.4358106898459144 0.6689771514707621 0.5732704612688855 1.3560497745011417 -1.8154654281228566 0.30030924445761914 -0.4723806049674515

